3728200417 3220538748 36833684
1907946842 1065499951 70751518
1978698360 2011387412 298481649
4048923771 3541262102 246043525
1314245652 402299218 396512619
577039234 798811837 266688114
3249926596 2795059130 273974120
1734859977 229212353 173086865
2718652009 3787305627 454867466
1710758271 1405898165 24101706
843727348 1510857580 66114574
3765034101 3257372432 283889670
1179488618 1876630378 134757034
909841922 1136251469 269646696
3675406214 4242173093 52794203
310070062 1576972154 266969172
229212353 1429999871 80857709
3523900716 3069033250 151505498
3173519475 2718652009 76407121
2277180009 1843941326 32689052