156743496 2059819668 37694357
4058204935 4136802755 38991573
2484168315 1803830764 54458297
2053264847 2531370441 7735546
586814267 2539105987 96956250
2538626612 2097514025 117228608
4097196508 3782742182 197770788
1246999413 607900903 25957627
1877009740 1752361784 30081637
683770517 3121708332 89729874
1835387899 343006762 41621841
1806332066 3242032508 29055833
2212907940 137512351 205494411
809588378 2954088675 69458905
1689902424 3271088341 436818
3306521233 894737794 308504080
3235066415 3050253514 71454818
1147299995 1960120250 99699418
2046683718 749851354 6581129
3782742182 4222506720 5456115
2061000393 756432483 138305311
792839631 591152156 16748747
1478425864 2742612115 211476560
2793367571 2636062237 73608402
2471831801 2214742633 12336514
194437853 1622309324 130052460
3901915150 3980512970 156289785
2655855220 0 137512351
324490313 1359985370 262323954
3855202758 4175794328 46712392
2445108285 1782443421 21387343
2467550357 3211438206 4281444
3788198297 4227962835 67004461
2199305704 2709670639 13602236
1272957040 385683332 205468824
1690339242 633858530 115992824
1907091377 2227079147 139592341
0 1203241874 156743496
2866975973 1858289061 24590288
1120987137 3215719650 26312858
2891566261 3271525159 343500154
2466495628 384628603 1054729
1043746236 1882879349 77240901
879047283 2366671488 164698953
773500391 2723272875 19339240
2418402351 3023547580 26705934