2211745924 1281207339 39747980
3648083739 2564129012 145170114
4171944574 2333022880 44675857
540694760 848661020 78793182
256996824 588160543 260500477
1870557289 1804847051 174857657
3877597859 2853012070 228980636
1634159465 2150723562 100770342
3793253853 2293912908 39109972
652571990 567856215 20304328
2480343183 3372556760 130573730
1831144195 528443121 39413094
0 1690920197 113926854
3145720856 3081992706 290564054
624623106 1979704708 27948884
3844601856 3751059243 32996003
1260492360 1175075910 106131429
1366623789 166330978 138490835
1175000149 927454202 85492211
696570061 1596389312 94530885
2647046837 3784055246 498674019
4216620431 2709299126 78346865
953230443 1450000160 146389152
791100946 1012946413 162129497
1734929807 427093569 96214388
672876318 403399826 23693743
113926854 2007653592 143069970
2045414946 0 166330978
1099619595 328019272 75380554
3832363825 4282729265 12238031
619487942 523307957 5135164
517497301 304821813 23197459
2293912908 2377698737 186430275
1505114624 1320955319 129044841
2610916913 3714929319 36129924
3436284910 3503130490 211798829
4106578495 2787645991 65366079