2733576308 471599794 76965554
1171423854 1329782324 37554133
2640052871 928987130 93523437
2015828352 548565348 204028986
3562821857 3651707516 643259780
1208977987 2596877127 12575372
778871551 2204324824 392552303
1221553359 2609452499 201089363
3520687457 3069361301 42134400
4240454288 3542205804 54513008
2219857338 1367336457 420195533
3034988650 3111495701 430710103
307271757 0 471599794
1422642722 2082393746 121931078
3465698753 3596718812 54988704
0 1022510567 307271757
1544573800 1787531990 294861756
4206081637 3034988650 34372651
1839435556 752594334 176392796