159374282 333555332 155635040
2263203984 507165487 202752561
1337996197 836383358 269347352
733930089 139752127 104367475
2840449774 3878218681 416748615
3373626730 3111757526 416998602
3943881399 2795875886 241056063
3790625332 2642619819 153256067
3298801153 3036931949 30341941
1671783850 1980182260 485774285
0 313933177 19622155
2642619819 3680388726 197829955
2157558135 1398186167 105645849
4283100212 3528756128 11867084
843670838 1503832016 347905328
1607343549 244119602 64440301
315009322 709918048 126465310
441474632 1105730710 292455457
3257198389 3540623212 41602764
838297564 308559903 5373274
1320021082 489190372 17975115
4184937462 3582225976 98162750
1191576166 1851737344 128444916
3329143094 3067273890 44483636
19622155 0 139752127