3834982820 3688486185 202897824
2016707141 372287565 116618935
3386838019 3412408553 81116937
1125723906 705568567 205087174
4037880644 1840142480 150018623
2359176858 4109550629 126312910
3328178239 4050890849 58659780
1801115923 3893484758 43944958
1516002989 1645262885 194879595
3501845456 488906500 216662067
1373868013 2223115169 142134976
3467954956 3641943956 33890500
1845060881 3937429716 113461133
3718507523 910655741 57371540
3315526510 3675834456 12651729
2936874590 2031117287 84929853
1710882584 3551710617 90233339
372287565 2365250145 753436341
2133326076 968027281 225850782
1330811080 1990161103 40956184
1958522014 3493525490 58185127
3021804443 3118686486 293722067
2485489768 1193878063 451384822
3775879063 4235863539 59103757
1371767264 3891384009 2100749
4187899267 2116047140 107068029